---
title: "Extortion in Mexico: Who pays and why?"
author: "Patricio R. Estevez Soto"
email: "patricio.estevez.14@ucl.ac.uk"
date: "30/9/2016"
output:
  md_document:
    variant: "markdown"
pandoc_args: "--smart"
---



# Introduction

This document contains the script and results for a research project on extortion against businesses in Mexico.

Previous research has found that extortion against businesses is acutely concentrated on a few businesses who experience more than half of all extortion incidents in the country as repeat extortion victimizations. That project found that the rate at which businesses suffer extortion is mostly determined by their characteristics---such as their age, whether they are a restaurant, the number of corruption incidents they have suffered, and their size---and to a lesser extent, to the characteristics of the state where they are located---which include the state homicide rate and other unmeasured between-state differences.

Nonetheless, that research did not consider that most extortion victims do not comply with extortion demands. Thus this project aims to explore the distribution of successful extortion incidents, and identify the incident, victim and area characteristics associated with a higher likelihood of complying with extortion.

The incident-level characteristics that will be explored are:

- month
- time of day
- number of offenders
- victim's relationship to the offender
- use of a weapon
- type of weapon
- use of violence
- whether the incident was reported to the authorities (MP + other)
- type of extortion
- what was requested
- retaliation against business for not complying
- whether the victim complied with the extortion

The victim-level characteristics are:
- business type
- business age
- business size
- Victim of corruption
- number of corruption victimizations, repeat corruption victim
- number of extortion victimizations
- repeat extortion victim

Area-level characteristics:
- State
- State homicides
- State population (control)

# Set up, data input and pre-process

## Session info

We first check details of the session and system, and for reproducibility, we set the random seed.


```r
starttime <- proc.time()
date()
```

```
[1] "Sat Nov  5 19:37:59 2016"
```

```r
sessionInfo()
```

```
R version 3.3.0 (2016-05-03)
Platform: x86_64-pc-linux-gnu (64-bit)
Running under: Red Hat Enterprise Linux Server 7.2 (Maipo)

locale:
 [1] LC_CTYPE=en_US.UTF-8       LC_NUMERIC=C              
 [3] LC_TIME=en_US.UTF-8        LC_COLLATE=en_US.UTF-8    
 [5] LC_MONETARY=en_US.UTF-8    LC_MESSAGES=en_US.UTF-8   
 [7] LC_PAPER=en_US.UTF-8       LC_NAME=C                 
 [9] LC_ADDRESS=C               LC_TELEPHONE=C            
[11] LC_MEASUREMENT=en_US.UTF-8 LC_IDENTIFICATION=C       

attached base packages:
[1] stats     graphics  grDevices utils     datasets  methods   base     

other attached packages:
 [1] arm_1.9-1       sjPlot_2.1.0    sjstats_0.5.0   pscl_1.4.9     
 [5] lattice_0.20-33 MASS_7.3-45     lmtest_0.9-34   zoo_1.7-13     
 [9] xtable_1.8-2    texreg_1.36.7   car_2.1-3       classInt_0.1-23
[13] lme4_1.1-12     Matrix_1.2-6    Cairo_1.5-9     ggplot2_2.1.0  
[17] foreign_0.8-67  knitr_1.14     

loaded via a namespace (and not attached):
 [1] Rcpp_0.12.7        stringdist_0.9.4.2 mvtnorm_1.0-5     
 [4] tidyr_0.6.0        class_7.3-14       assertthat_0.1    
 [7] digest_0.6.10      psych_1.6.9        R6_2.1.2          
[10] plyr_1.8.4         MatrixModels_0.4-1 stats4_3.3.0      
[13] evaluate_0.9       coda_0.18-1        e1071_1.6-7       
[16] highr_0.6          lazyeval_0.2.0     multcomp_1.4-6    
[19] minqa_1.2.4        SparseM_1.72       nloptr_1.0.4      
[22] labeling_0.3       splines_3.3.0      stringr_1.1.0     
[25] munsell_0.4.3      broom_0.4.1        mnormt_1.5-4      
[28] mgcv_1.8-12        nnet_7.3-12        tibble_1.2        
[31] coin_1.1-2         codetools_0.2-14   dplyr_0.5.0       
[34] sjmisc_2.0.0       grid_3.3.0         nlme_3.1-128      
[37] gtable_0.2.0       DBI_0.5-1          magrittr_1.5      
[40] formatR_1.4        scales_0.4.0       stringi_1.1.1     
[43] reshape2_1.4.1     effects_3.1-1      sandwich_2.3-4    
[46] TH.data_1.0-7      RColorBrewer_1.1-2 tools_3.3.0       
[49] purrr_0.2.2        abind_1.4-5        parallel_3.3.0    
[52] pbkrtest_0.4-6     survival_2.39-5    colorspace_1.2-6  
[55] haven_1.0.0        quantreg_5.29      modeltools_0.2-21 
```

```r
set.seed(42)
options(scipen=0)
```

## Load packages and functions

Next we load the packages that we will use.


```r
library(foreign)
library(ggplot2)
library(Cairo)
library(knitr)
library(lme4)
library(classInt)
library(car)
library(texreg)
#library(xtable)
library(lmtest)
library(pscl)
library(sjstats)
library(sjPlot)
library(arm)
```


```r
cv.test = function(df) {
  CV = sqrt(chisq.test(df)$statistic /
              (sum(df) * (min(ncol(df),nrow(df)) - 1)))
  return(as.numeric(CV))
}

id.test <- function(x)
{
  # Takes a vector and calculates the index of dispersion
  # Then evaluates its significance for Overdispersion only
  # Returns a list with named numbers
  mu <- mean(x)
  names(mu) <- "Mean"
  v <- var(x)
  names(v) <- "Variance"
  n <- length(x)
  df <- n-1
  names(df) <- "df"
  index <- ((df)*v)/mu
  names(index) <- "I"
  pval <- pchisq(index, df, lower.tail=FALSE)
  names(pval) <- "P-value"
  pv95 <- qchisq(.95, df)
  names(pv95) <- "95% Chi-sq"

  return(c(index, pval, df, pv95))
}

icc_3level <- function(model){
  # Takes a three level lmer and provides the ICC
  # for level 2 and level 3
  require(sjstats)

  icc_l2 <- sum(get_re_var(model))/(sum(get_re_var(model)) +
                          get_re_var(model, "sigma_2"))
  names(icc_l2) <- names(icc(model))[1]

  icc_l3 <- get_re_var(model)[2]/(sum(get_re_var(model)) +
                          get_re_var(model, "sigma_2"))
  names(icc_l3) <- names(icc(model))[2]

  return(c(icc_l2, icc_l3))
}
```

## Load data

We first load and arrange the area and victim level data


```r
enve_all <- read.dbf("enve2014cuest_ciega_2014.dbf")
cat_entidades <- read.csv("cat_entidades.csv", head=TRUE)
homicidios <- read.csv("homicidios_values.csv", header=TRUE)
homicidios <- merge(homicidios, cat_entidades, by="CVE_ENT", all.x=TRUE)
scode <- read.csv("secode.csv", head=TRUE)
scode$Code <- scode$Code*10000

# Prepare data for analysis
# Selecting only the relevant variables

enve_test <- data.frame(extortions=as.integer(as.character(enve_all$P26_10)))

enve_test$extortion_victim <- enve_all$P25_10
enve_test$extortions[enve_test$extortion_victim == 2] <- 0
summary(enve_test$extortions)
```

```
   Min. 1st Qu.  Median    Mean 3rd Qu.    Max.    NA's 
 0.0000  0.0000  0.0000  0.5808  0.0000 33.0000      50 
```

```r
table(enve_test$extortions)
```

```

   0    1    2    3    4    5    6    7    8    9   10   11   12   13   14 
2153  109   46   32   25   19    8    5    4    5    4    2    5    4    6 
  15   19   20   21   22   23   25   27   29   32   33 
   5    2    4    2    1    2    1    1    1    3    1 
```

```r
enve_test$rep_extortion_victim <- factor(enve_test$extortions)
levels(enve_test$rep_extortion_victim) <- c(0, 0,
                    rep(1, length(levels(enve_test$rep_extortion_victim)) - 2))

summary(enve_test$rep_extortion_victim)
```

```
   0    1 NA's 
2262  188   50 
```

```r
enve_test$CVE_UNICA <- as.integer(as.character(enve_all$ID_CONSECU))

enve_test$bribes <- as.integer(as.character(enve_all$P33))
summary(enve_test$bribes)
```

```
   Min. 1st Qu.  Median    Mean 3rd Qu.    Max.    NA's 
  1.000   1.000   2.000   2.486   3.000  16.000    2218 
```

```r
# 4 bribe cats
enve_test$bribe1 <- enve_all$P29_1
enve_test$bribe2 <- enve_all$P30_1
enve_test$bribe3 <- enve_all$P31_1
enve_test$bribe4 <- enve_all$P32_1

enve_test$bribes[with(enve_test,
                        bribe1 == 2 &
                        bribe2 == 2 &
                        bribe3 == 2 &
                        bribe4 == 2)] <- 0

summary(enve_test$bribes)
```

```
   Min. 1st Qu.  Median    Mean 3rd Qu.    Max.    NA's 
 0.0000  0.0000  0.0000  0.2861  0.0000 16.0000      50 
```

```r
enve_test$bribe_victim <- factor(enve_test$bribes)
levels(enve_test$bribe_victim) <- c(0,
                                    rep(1, length(levels(enve_test$bribe_victim)) - 1))
summary(enve_test$bribe_victim)
```

```
   0    1 NA's 
2168  282   50 
```

```r
enve_test$rep_bribe <- factor(enve_test$bribes)
levels(enve_test$rep_bribe) <- c(0, 0, rep(1,
                                           length(levels(enve_test$rep_bribe)) - 2))
summary(enve_test$rep_bribe)
```

```
   0    1 NA's 
2303  147   50 
```

```r
enve_test$bribe_cats <- factor(enve_test$bribes)
levels(enve_test$bribe_cats) <- c(0, 1, 2, rep("3+",
                                            length(levels(enve_test$bribe_cats)) - 3))
summary(enve_test$bribe_cats)
```

```
   0    1    2   3+ NA's 
2168  135   54   93   50 
```

```r
enve_test$CVE_ENT <- as.integer(as.character(enve_all$CVE_ENT))

enve_test$size <- enve_all$ID_ESTRATO
levels(enve_test$size) <- c("Large", "Medium", "Small", "Micro")

enve_test$sector <- enve_all$SECTOR_FIN

# subsector
enve_test$tempsub <- as.integer(as.character(enve_all$P1_1B))
enve_test$subsector <- cut(enve_test$tempsub, scode$Code, right=FALSE)
levels(enve_test$subsector) <- scode$Sector
enve_test$subsector <- droplevels(enve_test$subsector)
enve_test$subsector <- relevel(enve_test$subsector, ref="Retail")
levels(enve_test$subsector)
```

```
 [1] "Retail"         "Mining"         "Utilities"      "Construction"  
 [5] "Manufacturing"  "Wholesale"      "Transport"      "Media"         
 [9] "Finance"        "Real estate"    "Prof. services" "Corporate"     
[13] "Maintenance"    "Education"      "Health"         "Leisure"       
[17] "HotelsRestBar"  "Other"         
```

```r
enve_test$subsector_safe <- enve_test$subsector

enve_test$subsector <- as.character(enve_test$subsector)

enve_test$subsector[enve_test$subsector %in%
                      c("Mining",
                        "Utilities",
                        "Construction",
                        "Manufacturing")] <- "Industry"

enve_test$subsector[enve_test$subsector %in%
                      c("Finance",
                        "Health",
                        "Leisure",
                        "Education")] <- "Services_Low"

enve_test$subsector[enve_test$subsector %in%
                      c("Media",
                        "Maintenance",
                        "Other",
                        "Corporate")] <- "Services_Mid"

enve_test$subsector[enve_test$subsector %in%
                      c("Prof. services",
                        "Real estate")] <- "Services_Hi"

enve_test$subsector <- as.factor(enve_test$subsector)
enve_test$subsector <- relevel(enve_test$subsector, ref="Retail")
levels(enve_test$subsector)
```

```
[1] "Retail"        "HotelsRestBar" "Industry"      "Services_Hi"  
[5] "Services_Low"  "Services_Mid"  "Transport"     "Wholesale"    
```

```r
summary(enve_test$subsector)
```

```
       Retail HotelsRestBar      Industry   Services_Hi  Services_Low 
           82           367           908            78           504 
 Services_Mid     Transport     Wholesale 
          311           135           115 
```

```r
enve_test$hotrestbar <- enve_test$subsector
hotindx <- which(levels(enve_test$hotrestbar) == "HotelsRestBar")
levels(enve_test$hotrestbar)[-hotindx] <- 0
levels(enve_test$hotrestbar) <- c(0,1)

enve_test$years <- 2013 - as.numeric(as.character(enve_all$P3))
intyears <- classIntervals(enve_test$years, 5, style="quantile")
enve_test$yearsquant <- cut(enve_test$years, intyears$brks, right=TRUE,
                            include.lowest = TRUE)

enve_test <- merge(enve_test, homicidios, by="CVE_ENT", all.x=TRUE)

length(enve_test$extortions[is.na(enve_test$extortions)])
```

```
[1] 50
```

```r
length(enve_test$bribes[is.na(enve_test$bribes)])
```

```
[1] 50
```

```r
## enve_test$extortions[is.na(enve_test$extortions)] <- 0
## enve_test$bribes[is.na(enve_test$bribes)] <- 0
```

Next we load incident-level data:


```r
enve_incidents_all <- read.dbf("enve2014delitos_ciega_2014.dbf")

# Selecting only those relevant for extortion (code 10)

enve_incidents_all$delito <- as.integer(as.character(enve_incidents_all$ID_DELITO))

enve_incidents <- enve_incidents_all[enve_incidents_all$delito == 10,]

# Selecting those relevant for our study

incident_df <- data.frame(CVE_UNICA=as.integer(as.character(enve_incidents$ID_CONSECU)))

incident_df$delito <- enve_incidents$delito

meses <- c("January", "February", "March",
           "April", "May", "June", "July",
           "August", "September", "October",
           "November", "December", "NONE")

incident_df$month <- enve_incidents$M1_1
levels(incident_df$month) <- meses

incident_df$time <- enve_incidents$M1_3
levels(incident_df$time) <- c("Morning", "Afternoon", "Evening", "Night", "DK/DA")

incident_df$n_offenders <- enve_incidents$M1_8
summary(incident_df$n_offenders)
```

```
   1    2    3    4    5    6    9 NA's 
2394  750  154   34   23   34  199 3067 
```

```r
levels(incident_df$n_offenders) <- c(1:3, "4+", "4+", "4+", "DK/DA")
summary(incident_df$n_offenders)
```

```
    1     2     3    4+ DK/DA  NA's 
 2394   750   154    91   199  3067 
```

```r
## Data imputation for missing variables?

incident_df$rel_offenders <- enve_incidents$M1_11
levels(incident_df$rel_offenders) <- c("Employee", "Barely known",
                                       "Somewhat known", "Close acquaintance",
                                       "Total stranger", "DK/DA")
incident_df$rel_offenders <- relevel(incident_df$rel_offenders, ref="Total stranger")

incident_df$had_weapon <- enve_incidents$M1_13
levels(incident_df$had_weapon) <- c("Yes", "No", "DK/DA")
incident_df$had_weapon <- relevel(incident_df$had_weapon, ref="No")

incident_df$gun <- enve_incidents$M1_14_1
levels(incident_df$gun) <- c("Yes", "No", "DK/DA")
incident_df$gun <- relevel(incident_df$gun, ref="No")

incident_df$knife <- enve_incidents$M1_14_2
levels(incident_df$knife) <- c("Yes", "No", "DK/DA")
incident_df$knife <- relevel(incident_df$knife, ref="No")

incident_df$blunt <- enve_incidents$M1_14_3
levels(incident_df$blunt) <- c("Yes", "No", "DK/DA")
incident_df$blunt <- relevel(incident_df$blunt, ref="No")

incident_df$other <- enve_incidents$M1_14_4
levels(incident_df$other)
```

```
[1] "1" "2"
```

```r
levels(incident_df$other) <- c("Yes", "No")
incident_df$other <- relevel(incident_df$other, ref="No")

incident_df$weapon_type <- NA
incident_df[which(incident_df$other=="Yes"),"weapon_type"] <- "Other"
incident_df$weapon_type[which(incident_df$blunt=="Yes")] <- "Blunt"
incident_df$weapon_type[which(incident_df$knife=="Yes")] <- "Knife"
incident_df$weapon_type[which(incident_df$gun=="Yes")] <- "Gun"
incident_df$weapon_type[which(incident_df$had_weapon=="No")] <- "None"
incident_df$weapon_type[which(incident_df$had_weapon=="DK/DA")] <- "DK/DA"
incident_df$weapon_type <- as.factor(incident_df$weapon_type)
incident_df$weapon_type <- relevel(incident_df$weapon_type, ref="None")

incident_df$violenceI <- as.character(enve_incidents$M1_15)
incident_df$violenceI <- as.factor(incident_df$violenceI)
levels(incident_df$violenceI) <- c("Yes", "No", "DK/DA")
incident_df$violenceI <- relevel(incident_df$violenceI, ref="No")

incident_df$violenceII <- as.character(enve_incidents$M1_16)
incident_df$violenceII <- as.factor(incident_df$violenceII)
levels(incident_df$violenceII) <- c("Yes", "No", "DK/DA")
incident_df$violenceII <- relevel(incident_df$violenceII, ref="No")

incident_df$with_violence <- NA
incident_df$with_violence[which(incident_df$violenceI == "DK/DA" |
                                  incident_df$violenceII == "DK/DA")] <- 9
incident_df$with_violence[which(incident_df$violenceI == "No" |
                                  incident_df$violenceII == "No")] <- 0
incident_df$with_violence[which(incident_df$violenceI == "Yes" |
                                  incident_df$violenceII == "Yes")] <- 1
incident_df$with_violence <- as.factor(incident_df$with_violence)
levels(incident_df$with_violence) <- c("No", "Yes", "DK/DA")

incident_df$mp <- as.factor(as.character(enve_incidents$M1_18))
levels(incident_df$mp) <- c("Yes", "No", "DK/DA")
incident_df$mp <- relevel(incident_df$mp, ref="No")

incident_df$auto <- as.factor(as.character(enve_incidents$M1_26))
levels(incident_df$auto) <- c("Yes", "No", "DK/DA")
incident_df$auto <- relevel(incident_df$auto, ref="No")

incident_df$reported <- NA
incident_df$reported[which(incident_df$mp == "DK/DA" |
                             incident_df$auto == "DK/DA")] <- 9
incident_df$reported[which(incident_df$mp == "No" |
                             incident_df$auto == "No")] <- 0
incident_df$reported[which(incident_df$mp == "Yes" |
                             incident_df$auto == "Yes")] <- 1
incident_df$reported <- as.factor(incident_df$reported)
levels(incident_df$reported) <- c("No", "Yes", "DK/DA")

incident_df$extortion_type <- as.character(enve_incidents$M5_1)
incident_df$extortion_type <- as.factor(incident_df$extortion_type)
levels(incident_df$extortion_type) <- c("Telephone", "Telephone", "Street",
                                        "Premises", "Cobro de piso", "Telephone")
levels(incident_df$extortion_type)
```

```
[1] "Telephone"     "Street"        "Premises"      "Cobro de piso"
```

```r
summary(incident_df$extortion_type)
```

```
    Telephone        Street      Premises Cobro de piso 
         6365           207            52            31 
```

```r
requests <- with(enve_incidents, data.frame(money=M5_2_1, product=M5_2_2,
                                            nothing=M5_2_3, other=M5_2_4))

incident_df$request <- "Nothing"
incident_df$request[which(requests$other==1)] <- "Other"
incident_df$request[which(requests$nothing==1)] <- "Nothing"
incident_df$request[which(requests$product==1)] <- "Product"
incident_df$request[which(requests$money==1)] <- "Money"
incident_df$request <- as.factor(incident_df$request)
incident_df$request <- relevel(incident_df$request, ref="Other")

incident_df$complied <- enve_incidents$M5_3
levels(incident_df$complied) <-  c("Yes", "No", "DK/DA")
incident_df$complied <- relevel(incident_df$complied, ref="No")

incident_df$complied_bin <- enve_incidents$M5_3
levels(incident_df$complied_bin) <-  c("Yes", "No", NA)
incident_df$complied_bin <- relevel(incident_df$complied_bin, ref="No")

incident_df$retaliation <- enve_incidents$M5_4
levels(incident_df$retaliation) <-  c("Yes", "No", "DK/DA")
incident_df$retaliation <- relevel(incident_df$retaliation, ref="No")
```

Next we merge both incident-level and victim-level tables.


```r
enve_incvic <- merge(incident_df, enve_test, by="CVE_UNICA")
```

# EDA: Incident level

Before progressing to the modeling exercise, we need to explore the distribution of the different variables. See how many missing values are present, as well as exploring possible bivariate relationships, both between the IV and the DV, as well as between the IVs.


```r
summary(enve_incvic)
```

```
   CVE_UNICA         delito         month            time     n_offenders
 Min.   :   60   Min.   :10   December :179   Morning  :494   1    :570  
 1st Qu.: 7472   1st Qu.:10   November :177   Afternoon:822   2    :163  
 Median :11826   Median :10   June     :162   Evening  :248   3    : 38  
 Mean   :12095   Mean   :10   September:132   Night    : 22   4+   : 29  
 3rd Qu.:17614   3rd Qu.:10   March    :128   DK/DA    : 14   DK/DA: 47  
 Max.   :23355   Max.   :10   October  :126                   NA's :753  
                              (Other)  :696                              
            rel_offenders had_weapon     gun         knife     
 Total stranger    :754   No   :375   No   :   9   No   :  36  
 Employee          :  4   Yes  : 44   Yes  :  34   Yes  :   8  
 Barely known      : 21   DK/DA:428   DK/DA:   1   DK/DA:   0  
 Somewhat known    :  9   NA's :753   NA's :1556   NA's :1556  
 Close acquaintance:  9                                        
 DK/DA             : 50                                        
 NA's              :753                                        
   blunt       other      weapon_type violenceI    violenceII 
 No   :  43   No  :  44   None :375   No   :  42   No   :770  
 Yes  :   1   Yes :   0   Blunt:  1   Yes  :   2   Yes  : 17  
 DK/DA:   0   NA's:1556   DK/DA:428   DK/DA:   0   DK/DA: 58  
 NA's :1556               Gun  : 34   NA's :1556   NA's :755  
                          Knife:  7                           
                          Other:  0                           
                          NA's :755                           
 with_violence     mp          auto       reported          extortion_type
 No   :770     No   :1537   No   :1466   No   :1415   Telephone    :1514  
 Yes  : 19     Yes  :  61   Yes  : 133   Yes  : 185   Street       :  63  
 DK/DA: 58     DK/DA:   2   DK/DA:   1   DK/DA:   0   Premises     :  16  
 NA's :753                                            Cobro de piso:   7  
                                                                          
                                                                          
                                                                          
    request      complied    complied_bin retaliation     CVE_ENT     
 Other  : 363   No   :1132   No  :1132    No   :   3   Min.   : 1.00  
 Money  :1138   Yes  : 100   Yes : 100    Yes  :   2   1st Qu.: 9.00  
 Nothing:  63   DK/DA:   8   NA's: 368    DK/DA:   2   Median :16.00  
 Product:  36   NA's : 360                NA's :1593   Mean   :16.55  
                                                       3rd Qu.:24.00  
                                                       Max.   :32.00  
                                                                      
   extortions      extortion_victim rep_extortion_victim     bribes       
 Min.   : 0.0000   1: 184           0   :1466            Min.   : 0.0000  
 1st Qu.: 0.0000   2:1389           1   : 107            1st Qu.: 0.0000  
 Median : 0.0000   9:  27           NA's:  27            Median : 0.0000  
 Mean   : 0.5976                                         Mean   : 0.3193  
 3rd Qu.: 0.0000                                         3rd Qu.: 0.0000  
 Max.   :33.0000                                         Max.   :16.0000  
 NA's   :27                                              NA's   :34       
 bribe1   bribe2   bribe3   bribe4   bribe_victim rep_bribe   bribe_cats 
 1: 184   1: 184   1: 184   1: 184   0   :1382    0   :1467   0   :1382  
 2:1382   2:1382   2:1382   2:1382   1   : 184    1   :  99   1   :  85  
 9:  34   9:  34   9:  34   9:  34   NA's:  34    NA's:  34   2   :  30  
                                                              3+  :  69  
                                                              NA's:  34  
                                                                         
                                                                         
     size     sector     tempsub               subsector  
 Large :394   C:516   Min.   :212410   Industry     :585  
 Medium:386   I:503   1st Qu.:366185   Services_Low :338  
 Small :369   S:581   Median :514510   HotelsRestBar:235  
 Micro :451           Mean   :514018   Services_Mid :190  
                      3rd Qu.:666735   Transport    : 87  
                      Max.   :812910   Wholesale    : 63  
                                       (Other)      :102  
       subsector_safe hotrestbar     years         yearsquant 
 Manufacturing:339    0:1365     Min.   : 0.00   [0,8]  :371  
 Health       :266    1: 235     1st Qu.: 9.00   (8,16] :314  
 HotelsRestBar:235               Median :20.00   (16,25]:318  
 Construction :202               Mean   :20.36   (25,34]:319  
 Maintenance  :129               3rd Qu.:31.00   (34,43]:278  
 Transport    : 87               Max.   :43.00                
 (Other)      :342                                            
       X         denuncias_homs     poblacion           tasahom      
 Min.   : 1.00   Min.   :  39.0   Min.   :  698295   Min.   : 1.938  
 1st Qu.: 9.00   1st Qu.: 151.0   1st Qu.: 1874188   1st Qu.: 7.797  
 Median :16.00   Median : 536.0   Median : 2932313   Median :12.814  
 Mean   :16.55   Mean   : 596.8   Mean   : 3963777   Mean   :15.862  
 3rd Qu.:24.00   3rd Qu.: 775.0   3rd Qu.: 4941059   3rd Qu.:20.165  
 Max.   :32.00   Max.   :2087.0   Max.   :16364210   Max.   :59.225  
                                                                     
    loghoms             logpop         tasahom_cntr         logtasa       
 Min.   :-2.68705   Min.   :-1.6674   Min.   :-13.5451   Min.   :-2.0782  
 1st Qu.:-1.33333   1st Qu.:-0.6801   1st Qu.: -7.6856   1st Qu.:-0.6860  
 Median :-0.06648   Median :-0.2325   Median : -2.6690   Median :-0.1892  
 Mean   :-0.42794   Mean   :-0.2032   Mean   :  0.3789   Mean   :-0.2247  
 3rd Qu.: 0.30225   3rd Qu.: 0.2893   3rd Qu.:  4.6822   3rd Qu.: 0.2642  
 Max.   : 1.29287   Max.   : 1.4868   Max.   : 43.7420   Max.   : 1.3416  
                                                                          
       NOM_ENT        NOM_ABR    
 JALISCO   :  74   JAL.   :  74  
 OAXACA    :  67   OAX.   :  67  
 GUANAJUATO:  64   GTO.   :  64  
 CHIHUAHUA :  63   CHIH.  :  63  
 ZACATECAS :  62   ZAC.   :  62  
 HIDALGO   :  60   HGO.   :  60  
 (Other)   :1210   (Other):1210  
```

Using **compliance and of type of extortion** as DVs, we explore the relationship to different variables.

First we start with incident-level variables.

## Months

### Compliance


```r
## basic summary first

t0 <- table(enve_incvic$month)
t0
```

```

  January  February     March     April       May      June      July 
       85       120       128        83       125       162       111 
   August September   October  November  December      NONE 
      113       132       126       177       179        59 
```

```r
round(t0/sum(t0)*100, 2)
```

```

  January  February     March     April       May      June      July 
     5.31      7.50      8.00      5.19      7.81     10.12      6.94 
   August September   October  November  December      NONE 
     7.06      8.25      7.88     11.06     11.19      3.69 
```

```r
## first No NA then with NA

## Use complied_bin

t1 <- table(enve_incvic$month, enve_incvic$complied_bin)
t1
```

```
           
             No Yes
  January    69   5
  February   88   7
  March      94  11
  April      59   5
  May        85   7
  June      107  12
  July       68   4
  August     83   4
  September  96   9
  October    86   7
  November  129  15
  December  129  11
  NONE       39   3
```

```r
kable(t1)
```



|          |  No| Yes|
|:---------|---:|---:|
|January   |  69|   5|
|February  |  88|   7|
|March     |  94|  11|
|April     |  59|   5|
|May       |  85|   7|
|June      | 107|  12|
|July      |  68|   4|
|August    |  83|   4|
|September |  96|   9|
|October   |  86|   7|
|November  | 129|  15|
|December  | 129|  11|
|NONE      |  39|   3|

```r
t1/as.integer(margin.table(t1, margin=1))*100
```

```
           
                   No       Yes
  January   93.243243  6.756757
  February  92.631579  7.368421
  March     89.523810 10.476190
  April     92.187500  7.812500
  May       92.391304  7.608696
  June      89.915966 10.084034
  July      94.444444  5.555556
  August    95.402299  4.597701
  September 91.428571  8.571429
  October   92.473118  7.526882
  November  89.583333 10.416667
  December  92.142857  7.857143
  NONE      92.857143  7.142857
```

```r
kable(round(t1/as.integer(margin.table(t1, margin=1))*100, 2))
```



|          |    No|   Yes|
|:---------|-----:|-----:|
|January   | 93.24|  6.76|
|February  | 92.63|  7.37|
|March     | 89.52| 10.48|
|April     | 92.19|  7.81|
|May       | 92.39|  7.61|
|June      | 89.92| 10.08|
|July      | 94.44|  5.56|
|August    | 95.40|  4.60|
|September | 91.43|  8.57|
|October   | 92.47|  7.53|
|November  | 89.58| 10.42|
|December  | 92.14|  7.86|
|NONE      | 92.86|  7.14|

```r
t2 <- table(enve_incvic$month, enve_incvic$complied_bin, useNA = "ifany")
t2
```

```
           
             No Yes <NA>
  January    69   5   11
  February   88   7   25
  March      94  11   23
  April      59   5   19
  May        85   7   33
  June      107  12   43
  July       68   4   39
  August     83   4   26
  September  96   9   27
  October    86   7   33
  November  129  15   33
  December  129  11   39
  NONE       39   3   17
```

```r
kable(t2)
```



|          |  No| Yes| NA|
|:---------|---:|---:|--:|
|January   |  69|   5| 11|
|February  |  88|   7| 25|
|March     |  94|  11| 23|
|April     |  59|   5| 19|
|May       |  85|   7| 33|
|June      | 107|  12| 43|
|July      |  68|   4| 39|
|August    |  83|   4| 26|
|September |  96|   9| 27|
|October   |  86|   7| 33|
|November  | 129|  15| 33|
|December  | 129|  11| 39|
|NONE      |  39|   3| 17|

```r
t2/as.integer(margin.table(t2, margin=1))*100
```

```
           
                   No       Yes      <NA>
  January   81.176471  5.882353 12.941176
  February  73.333333  5.833333 20.833333
  March     73.437500  8.593750 17.968750
  April     71.084337  6.024096 22.891566
  May       68.000000  5.600000 26.400000
  June      66.049383  7.407407 26.543210
  July      61.261261  3.603604 35.135135
  August    73.451327  3.539823 23.008850
  September 72.727273  6.818182 20.454545
  October   68.253968  5.555556 26.190476
  November  72.881356  8.474576 18.644068
  December  72.067039  6.145251 21.787709
  NONE      66.101695  5.084746 28.813559
```

```r
kable(round(t2/as.integer(margin.table(t2, margin=1))*100, 2))
```



|          |    No|  Yes|    NA|
|:---------|-----:|----:|-----:|
|January   | 81.18| 5.88| 12.94|
|February  | 73.33| 5.83| 20.83|
|March     | 73.44| 8.59| 17.97|
|April     | 71.08| 6.02| 22.89|
|May       | 68.00| 5.60| 26.40|
|June      | 66.05| 7.41| 26.54|
|July      | 61.26| 3.60| 35.14|
|August    | 73.45| 3.54| 23.01|
|September | 72.73| 6.82| 20.45|
|October   | 68.25| 5.56| 26.19|
|November  | 72.88| 8.47| 18.64|
|December  | 72.07| 6.15| 21.79|
|NONE      | 66.10| 5.08| 28.81|

### Extortion type


```r
t3 <- table(enve_incvic$extortion_type, enve_incvic$month)
t3
```

```
               
                January February March April May June July August
  Telephone          81      112   119    79 120  151  109    108
  Street              2        7     6     4   2   10    2      4
  Premises            0        0     2     0   2    0    0      1
  Cobro de piso       2        1     1     0   1    1    0      0
               
                September October November December NONE
  Telephone           124     120      167      168   56
  Street                6       4        9        5    2
  Premises              2       1        1        6    1
  Cobro de piso         0       1        0        0    0
```

```r
kable(t3)
```



|              | January| February| March| April| May| June| July| August| September| October| November| December| NONE|
|:-------------|-------:|--------:|-----:|-----:|---:|----:|----:|------:|---------:|-------:|--------:|--------:|----:|
|Telephone     |      81|      112|   119|    79| 120|  151|  109|    108|       124|     120|      167|      168|   56|
|Street        |       2|        7|     6|     4|   2|   10|    2|      4|         6|       4|        9|        5|    2|
|Premises      |       0|        0|     2|     0|   2|    0|    0|      1|         2|       1|        1|        6|    1|
|Cobro de piso |       2|        1|     1|     0|   1|    1|    0|      0|         0|       1|        0|        0|    0|

```r
t3/as.integer(margin.table(t3, margin=1))*100
```

```
               
                  January  February     March     April       May
  Telephone      5.350066  7.397622  7.859974  5.217966  7.926024
  Street         3.174603 11.111111  9.523810  6.349206  3.174603
  Premises       0.000000  0.000000 12.500000  0.000000 12.500000
  Cobro de piso 28.571429 14.285714 14.285714  0.000000 14.285714
               
                     June      July    August September   October
  Telephone      9.973580  7.199472  7.133421  8.190225  7.926024
  Street        15.873016  3.174603  6.349206  9.523810  6.349206
  Premises       0.000000  0.000000  6.250000 12.500000  6.250000
  Cobro de piso 14.285714  0.000000  0.000000  0.000000 14.285714
               
                 November  December      NONE
  Telephone     11.030383 11.096433  3.698811
  Street        14.285714  7.936508  3.174603
  Premises       6.250000 37.500000  6.250000
  Cobro de piso  0.000000  0.000000  0.000000
```

```r
kable(round(t3/as.integer(margin.table(t3, margin=1))*100, 2))
```



|              | January| February| March| April|   May|  June| July| August| September| October| November| December| NONE|
|:-------------|-------:|--------:|-----:|-----:|-----:|-----:|----:|------:|---------:|-------:|--------:|--------:|----:|
|Telephone     |    5.35|     7.40|  7.86|  5.22|  7.93|  9.97| 7.20|   7.13|      8.19|    7.93|    11.03|    11.10| 3.70|
|Street        |    3.17|    11.11|  9.52|  6.35|  3.17| 15.87| 3.17|   6.35|      9.52|    6.35|    14.29|     7.94| 3.17|
|Premises      |    0.00|     0.00| 12.50|  0.00| 12.50|  0.00| 0.00|   6.25|     12.50|    6.25|     6.25|    37.50| 6.25|
|Cobro de piso |   28.57|    14.29| 14.29|  0.00| 14.29| 14.29| 0.00|   0.00|      0.00|   14.29|     0.00|     0.00| 0.00|

## Time of day

### Compliance


```r
## basic summary first

t4 <- table(enve_incvic$time, useNA="ifany")
t4
```

```

  Morning Afternoon   Evening     Night     DK/DA 
      494       822       248        22        14 
```

```r
round(t4/sum(t4)*100, 2)
```

```

  Morning Afternoon   Evening     Night     DK/DA 
    30.88     51.38     15.50      1.38      0.88 
```

```r
## first No NA then with NA

## Use complied_bin

t5 <- table(enve_incvic$time, enve_incvic$complied_bin)
t5
```

```
           
             No Yes
  Morning   366  28
  Afternoon 566  47
  Evening   178  22
  Night      10   2
  DK/DA      12   1
```

```r
kable(t5)
```



|          |  No| Yes|
|:---------|---:|---:|
|Morning   | 366|  28|
|Afternoon | 566|  47|
|Evening   | 178|  22|
|Night     |  10|   2|
|DK/DA     |  12|   1|

```r
t5/as.integer(margin.table(t5, margin=1))*100
```

```
           
                   No       Yes
  Morning   92.893401  7.106599
  Afternoon 92.332790  7.667210
  Evening   89.000000 11.000000
  Night     83.333333 16.666667
  DK/DA     92.307692  7.692308
```

```r
kable(round(t5/as.integer(margin.table(t5, margin=1))*100, 2))
```



|          |    No|   Yes|
|:---------|-----:|-----:|
|Morning   | 92.89|  7.11|
|Afternoon | 92.33|  7.67|
|Evening   | 89.00| 11.00|
|Night     | 83.33| 16.67|
|DK/DA     | 92.31|  7.69|

```r
t6 <- table(enve_incvic$time, enve_incvic$complied_bin, useNA = "ifany")
t6
```

```
           
             No Yes <NA>
  Morning   366  28  100
  Afternoon 566  47  209
  Evening   178  22   48
  Night      10   2   10
  DK/DA      12   1    1
```

```r
kable(t6)
```



|          |  No| Yes|  NA|
|:---------|---:|---:|---:|
|Morning   | 366|  28| 100|
|Afternoon | 566|  47| 209|
|Evening   | 178|  22|  48|
|Night     |  10|   2|  10|
|DK/DA     |  12|   1|   1|

```r
t6/as.integer(margin.table(t6, margin=1))*100
```

```
           
                   No       Yes      <NA>
  Morning   74.089069  5.668016 20.242915
  Afternoon 68.856448  5.717762 25.425791
  Evening   71.774194  8.870968 19.354839
  Night     45.454545  9.090909 45.454545
  DK/DA     85.714286  7.142857  7.142857
```

```r
kable(round(t6/as.integer(margin.table(t6, margin=1))*100, 2))
```



|          |    No|  Yes|    NA|
|:---------|-----:|----:|-----:|
|Morning   | 74.09| 5.67| 20.24|
|Afternoon | 68.86| 5.72| 25.43|
|Evening   | 71.77| 8.87| 19.35|
|Night     | 45.45| 9.09| 45.45|
|DK/DA     | 85.71| 7.14|  7.14|

### Extortion type


```r
t7 <- table(enve_incvic$extortion_type, enve_incvic$time)
t7
```

```
               
                Morning Afternoon Evening Night DK/DA
  Telephone         469       784     225    22    14
  Street             18        24      21     0     0
  Premises            3        11       2     0     0
  Cobro de piso       4         3       0     0     0
```

```r
kable(t7)
```



|              | Morning| Afternoon| Evening| Night| DK/DA|
|:-------------|-------:|---------:|-------:|-----:|-----:|
|Telephone     |     469|       784|     225|    22|    14|
|Street        |      18|        24|      21|     0|     0|
|Premises      |       3|        11|       2|     0|     0|
|Cobro de piso |       4|         3|       0|     0|     0|

```r
t7/as.integer(margin.table(t7, margin=1))*100
```

```
               
                   Morning  Afternoon    Evening      Night      DK/DA
  Telephone     30.9775429 51.7833554 14.8612946  1.4531044  0.9247028
  Street        28.5714286 38.0952381 33.3333333  0.0000000  0.0000000
  Premises      18.7500000 68.7500000 12.5000000  0.0000000  0.0000000
  Cobro de piso 57.1428571 42.8571429  0.0000000  0.0000000  0.0000000
```

```r
kable(round(t7/as.integer(margin.table(t7, margin=1))*100, 2))
```



|              | Morning| Afternoon| Evening| Night| DK/DA|
|:-------------|-------:|---------:|-------:|-----:|-----:|
|Telephone     |   30.98|     51.78|   14.86|  1.45|  0.92|
|Street        |   28.57|     38.10|   33.33|  0.00|  0.00|
|Premises      |   18.75|     68.75|   12.50|  0.00|  0.00|
|Cobro de piso |   57.14|     42.86|    0.00|  0.00|  0.00|

## Number of offenders

### Compliance


```r
## basic summary first

t8 <- table(enve_incvic$n_offenders, useNA="ifany")
t8
```

```

    1     2     3    4+ DK/DA  <NA> 
  570   163    38    29    47   753 
```

```r
round(t8/sum(t8)*100, 2)
```

```

    1     2     3    4+ DK/DA  <NA> 
35.62 10.19  2.38  1.81  2.94 47.06 
```

```r
## first No NA then with NA

## Use complied_bin

t9 <- table(enve_incvic$n_offenders, enve_incvic$complied_bin)
t9
```

```
       
         No Yes
  1     392  28
  2     101  22
  3      26   5
  4+      8  17
  DK/DA  33   3
```

```r
kable(t9)
```



|      |  No| Yes|
|:-----|---:|---:|
|1     | 392|  28|
|2     | 101|  22|
|3     |  26|   5|
|4+    |   8|  17|
|DK/DA |  33|   3|

```r
t9/as.integer(margin.table(t9, margin=1))*100
```

```
       
               No       Yes
  1     93.333333  6.666667
  2     82.113821 17.886179
  3     83.870968 16.129032
  4+    32.000000 68.000000
  DK/DA 91.666667  8.333333
```

```r
kable(round(t9/as.integer(margin.table(t9, margin=1))*100, 2))
```



|      |    No|   Yes|
|:-----|-----:|-----:|
|1     | 93.33|  6.67|
|2     | 82.11| 17.89|
|3     | 83.87| 16.13|
|4+    | 32.00| 68.00|
|DK/DA | 91.67|  8.33|

```r
t10 <- table(enve_incvic$n_offenders, enve_incvic$complied_bin, useNA = "ifany")
t10
```

```
       
         No Yes <NA>
  1     392  28  150
  2     101  22   40
  3      26   5    7
  4+      8  17    4
  DK/DA  33   3   11
  <NA>  572  25  156
```

```r
kable(t10)
```



|      |  No| Yes|  NA|
|:-----|---:|---:|---:|
|1     | 392|  28| 150|
|2     | 101|  22|  40|
|3     |  26|   5|   7|
|4+    |   8|  17|   4|
|DK/DA |  33|   3|  11|
|NA    | 572|  25| 156|

```r
t10/as.integer(margin.table(t10, margin=1))*100
```

```
       
               No       Yes      <NA>
  1     68.771930  4.912281 26.315789
  2     61.963190 13.496933 24.539877
  3     68.421053 13.157895 18.421053
  4+    27.586207 58.620690 13.793103
  DK/DA 70.212766  6.382979 23.404255
  <NA>  75.962815  3.320053 20.717131
```

```r
kable(round(t10/as.integer(margin.table(t10, margin=1))*100, 2))
```



|      |    No|   Yes|    NA|
|:-----|-----:|-----:|-----:|
|1     | 68.77|  4.91| 26.32|
|2     | 61.96| 13.50| 24.54|
|3     | 68.42| 13.16| 18.42|
|4+    | 27.59| 58.62| 13.79|
